0.0
0.13
0.25
0.37
0.50
0.62
0.73
0.85
0.96
1.1
1.2
1.3
1.4
1.5
1.5
1.6
1.7
1.8
1.8
1.9
1.9
1.9
2.0
2.0
2.0
2.0
2.0
2.0
2.0
1.9
1.9
1.9
1.8
1.8
1.7
1.6
1.5
1.5
1.4
1.3
1.2
1.1
0.97
0.86
0.75
0.63
0.51
0.39
0.26
0.14
0.014
-0.11
-0.24
-0.36
-0.48
-0.60
-0.72
-0.84
-0.95
-1.1
-1.2
-1.3
-1.4
-1.4
-1.5
-1.6
-1.7
-1.7
-1.8
-1.9
-1.9
-1.9
-2.0
-2.0
-2.0
-2.0
-2.0
-2.0
-2.0
-1.9
-1.9
-1.9
-1.8
-1.8
-1.7
-1.6
-1.6
-1.5
-1.4
-1.3
-1.2
-1.1
-0.99
-0.88
-0.76
-0.64
-0.52
-0.40
-0.28
-0.15
-0.028
0.097
0.22
0.35
0.47
0.59
0.71
0.82
0.94
1.0
1.2
1.3
1.3
1.4
1.5
1.6
1.7
1.7
1.8
1.8
1.9
1.9
2.0
2.0
2.0
2.0
2.0
2.0

0.0
0.13
0.25
0.37
0.50
0.62
0.73
0.85
0.96
1.0
1.0
1.0
1.0
1.0
1.0
1.0
1.0
1.0
1.0
1.0
1.0
1.0
1.0
1.0
1.0
1.0
1.0
1.0
1.0
1.0
1.0
1.0
1.0
1.0
1.0
1.0
1.0
1.0
1.0
1.0
1.0
1.0
0.97
0.86
0.75
0.63
0.51
0.39
0.26
0.14
0.014
-0.11
-0.24
-0.36
-0.48
-0.60
-0.72
-0.84
-0.95
-1.0
-1.0
-1.0
-1.0
-1.0
-1.0
-1.0
-1.0
-1.0
-1.0
-1.0
-1.0
-1.0
-1.0
-1.0
-1.0
-1.0
-1.0
-1.0
-1.0
-1.0
-1.0
-1.0
-1.0
-1.0
-1.0
-1.0
-1.0
-1.0
-1.0
-1.0
-1.0
-1.0
-0.99
-0.88
-0.76
-0.64
-0.52
-0.40
-0.28
-0.15
-0.028
0.097
0.22
0.35
0.47
0.59
0.71
0.82
0.94
1.0
1.0
1.0
1.0
1.0
1.0
1.0
1.0
1.0
1.0
1.0
1.0
1.0
1.0
1.0
1.0
1.0
1.0
1.0

