1.0
1.0
1.0
1.0
1.0
1.0
1.0
1.0
1.0
1.0
1.0
1.0
1.0
1.0
1.0
1.0
1.0
1.0
1.0
1.0
1.0
1.0
1.0
1.0
1.0
1.0
1.0
1.0
1.0
1.0
1.0
1.0
1.0
1.0
1.0
1.0
1.0
1.0
1.0
1.0
1.0
1.0
1.0
1.0
1.0
1.0
1.0
1.0
1.0
1.0
1.0
1.0
1.0
1.0
1.0
1.0
1.0
1.0
1.0
1.0
1.0
1.0
1.0
1.0
1.0
1.0
1.0
1.0
1.0
1.0
1.0
1.0
1.0
1.0
1.0
1.0
1.0
1.0
1.0
1.0
1.0
1.0
1.0
1.0
1.0
1.0
1.0
1.0
1.0
1.0
1.0
1.0
1.0
1.0
1.0
1.0
1.0
1.0
1.0
1.0
1.0
1.0
1.0
1.0
1.0
1.0
1.0
1.0
1.0
1.0
1.0
1.0
1.0
1.0
1.0
1.0
1.0
1.0
1.0
1.0
1.0
1.0
1.0
1.0
1.0
1.0
1.0
1.0

0.0
4.6e-41
0.0
4.6e-41
0.0
4.6e-41
0.0
4.6e-41
0.0
4.6e-41
0.0
1.4e-43
0.0
0.0
0.0
0.0
0.0
0.0
0.0
4.6e-41
0.0
4.6e-41
0.0
4.6e-41
0.0
4.6e-41
0.0
4.6e-41
0.0
0.0
0.0
0.0
0.0
4.6e-41
0.0
1.4e-45
0.0
2.8e-17
0.0
4.6e-41
0.0
4.6e-41
0.0
6.2e-33
0.0
4.6e-41
0.0
1.4e-44
0.0
4.6e-41
0.0
4.6e-41
0.0
4.6e-41
0.0
4.6e-41
0.0
0.0
0.0
4.6e-41
0.0
4.6e-41
0.0
6.2e-33
0.0
4.6e-41
0.0
4.6e-41
0.0
6.2e-33
0.0
4.6e-41
0.0
4.6e-41
0.0
1.4e-45
0.0
4.6e-41
0.0
4.6e-41
0.0
4.6e-41
0.0
1.8e-43
0.0
-inf
0.0
4.6e-41
0.0
1.8e-43
0.0
4.6e-41
0.0
2.8e-45
0.0
2.8e-45
0.0
4.6e-41
0.0
2.8e-45
0.0
4.6e-41
0.0
1.4e-45
0.0
4.6e-41
0.0
4.6e-41
0.0
4.6e-41
0.0
0.0
0.0
0.0
0.0
4.6e-41
0.0
1.4e-45
0.0
4.6e-41
0.0
1.4e-45
0.0
4.6e-41
0.0
4.6e-41
0.0
1.4e-45

